embedding-dim: 32 hidden-dim: 10 epoches: 10 accuracy: 74.87%
embedding-dim: 64 hidden-dim: 10 epoches: 10 accuracy: 70.0%
embedding-dim: 64 hidden-dim: 10 epoches: 10 accuracy: 77.52265135908154%
embedding-dim: 64 hidden-dim: 10 epoches: 20 accuracy: 77.20063203792228%
